2.png -0.00708331 0.0123409 0.495566 0.613728 -0.352796 -0.610958 -0.354405 
3.png -0.0123001 0.00714021 0.495567 0.684573 -0.182583 -0.681453 -0.183427 
4.png -0.0142194 3.44655e-05 0.495567 0.708727 -1.13702e-05 -0.705483 -1.91762e-05 
5.png -0.0123382 -0.00710126 0.495566 0.684451 0.182956 -0.681382 0.183773 
6.png -0.00714206 -0.0123033 0.495567 0.613762 0.352758 -0.610973 0.35436 
7.png -3.39255e-05 -0.0142236 0.495567 0.501143 0.49886 -0.498856 0.501136 
8.png 0.00708386 -0.0123369 0.495567 0.354355 0.610983 -0.35274 0.613765 
9.png 0.0123046 -0.00714269 0.495566 0.183421 0.681464 -0.182583 0.684563 
10.png 0.0142292 -3.46477e-05 0.495566 2.30751e-05 0.705504 -1.5349e-05 0.708706 
11.png 0.0123689 0.00709308 0.495564 -0.183223 0.681571 0.182433 0.68455 
12.png 0.00714125 0.0123021 0.495567 -0.354363 0.610969 0.352759 0.613763 
13.png 3.30772e-05 0.0142256 0.495567 0.501148 -0.498844 -0.498878 -0.501125 
14.png 0.124218 -0.0720853 0.417688 0.937729 -0.0609939 -0.231079 -0.252085 
15.png 0.143618 -0.000319058 0.417688 0.971021 0.000892023 -0.238992 -0.00079356 
16.png 0.124537 0.0715328 0.417688 0.938139 0.0627173 -0.230618 0.250552 
17.png 0.0720851 0.124218 0.417688 0.841325 0.120269 -0.206527 0.484824 
18.png 0.000318831 0.143618 0.417688 0.687176 0.169624 -0.168362 0.686055 
19.png -0.071533 0.124537 0.417688 0.486197 0.207419 -0.118723 0.840532 
20.png -0.124218 0.0720853 0.417688 0.252084 0.231079 -0.0609939 0.937729 
21.png -0.143618 0.000318608 0.417688 0.000792036 0.238992 0.000892398 0.971021 
22.png -0.124537 -0.071533 0.417688 -0.250553 0.230618 0.0627175 0.938139 
23.png -0.0720851 -0.124218 0.417688 -0.484824 0.206527 0.120269 0.841325 
24.png -0.000318375 -0.143618 0.417688 0.686056 -0.168362 -0.169624 -0.687175 
25.png 0.0715328 -0.124537 0.417688 0.840532 -0.118723 -0.207419 -0.486198 
26.png 0.170511 -0.000370999 0.332631 0.999732 0.0012168 0.0231017 -0.00111501 
27.png 0.147852 0.0849345 0.332631 0.965955 -0.00480383 0.0226294 0.257674 
28.png 0.0855765 0.147482 0.332631 0.86635 -0.0104971 0.020615 0.498901 
29.png 0.000370643 0.170511 0.332631 0.707705 -0.015475 0.0171957 0.706129 
30.png -0.0849349 0.147852 0.332631 0.50083 -0.0193983 0.0126046 0.865237 
31.png -0.147482 0.0855765 0.332631 0.259826 -0.0219996 0.00715447 0.965378 
32.png -0.170511 0.000370644 0.332631 0.00111397 -0.0231017 0.00121678 0.999732 
33.png -0.147852 -0.0849349 0.332631 -0.257675 -0.0226294 -0.00480386 0.965955 
34.png -0.0855765 -0.147482 0.332631 -0.498901 -0.020615 -0.0104971 0.86635 
35.png -0.000370622 -0.170511 0.332631 0.706129 0.0171957 0.015475 -0.707705 
36.png 0.0849355 -0.147852 0.332631 0.865238 0.0126045 0.0193983 -0.500828 
37.png 0.147482 -0.0855765 0.332631 0.965378 0.00715447 0.0219996 -0.259826 
